          Process Id        Arrival Time          Burst Time           Comp Time     Turnaround Time        Waiting Time       Response Time
                   0                 184                   2                   0                   0                   0                  -1
                   1                 178                   1                   0                   0                   0                  -1
                   2                 194                   1                   0                   0                   0                  -1
                   3                 187                   3                   0                   0                   0                  -1
                   4                  50                   2                   0                   0                   0                  -1
                   5                 163                   3                   0                   0                   0                  -1
                   6                  91                   5                   0                   0                   0                  -1
                   7                 164                   2                   0                   0                   0                  -1
                   8                 141                   2                   0                   0                   0                  -1
                   9                 173                   2                   0                   0                   0                  -1
                  10                  12                   4                   0                   0                   0                  -1
                  11                 168                   5                   0                   0                   0                  -1
                  12                 183                   1                   0                   0                   0                  -1
                  13                  63                   4                   0                   0                   0                  -1
                  14                  68                   1                   0                   0                   0                  -1
                  15                 130                   3                   0                   0                   0                  -1
                  16                  23                   4                   0                   0                   0                  -1
                  17                  70                   3                   0                   0                   0                  -1
                  18                 194                   2                   0                   0                   0                  -1
                  19                  12                   3                   0                   0                   0                  -1
                  20                  30                   4                   0                   0                   0                  -1
                  21                  22                   5                   0                   0                   0                  -1
                  22                 185                   3                   0                   0                   0                  -1
                  23                 199                   5                   0                   0                   0                  -1
                  24                 116                   1                   0                   0                   0                  -1
                  25                  14                   2                   0                   0                   0                  -1
                  26                  92                   1                   0                   0                   0                  -1
                  27                 157                   4                   0                   0                   0                  -1
                  28                  63                   1                   0                   0                   0                  -1
                  29                 197                   2                   0                   0                   0                  -1
                  30                 106                   1                   0                   0                   0                  -1
                  31                  85                   3                   0                   0                   0                  -1
                  32                 137                   1                   0                   0                   0                  -1
                  33                  47                   5                   0                   0                   0                  -1
                  34                 114                   3                   0                   0                   0                  -1
                  35                 125                   1                   0                   0                   0                  -1
                  36                 183                   1                   0                   0                   0                  -1
                  37                  15                   3                   0                   0                   0                  -1
                  38                  35                   5                   0                   0                   0                  -1
                  39                  44                   1                   0                   0                   0                  -1
                  40                  88                   4                   0                   0                   0                  -1
                  41                  77                   4                   0                   0                   0                  -1
                  42                 189                   5                   0                   0                   0                  -1
                  43                   4                   2                   0                   0                   0                   1
                  44                 155                   5                   0                   0                   0                  -1
                  45                 133                   1                   0                   0                   0                  -1
                  46                  77                   4                   0                   0                   0                  -1
                  47                 140                   3                   0                   0                   0                  -1
                  48                  27                   2                   0                   0                   0                  -1
                  49                  95                   5                   0                   0                   0                  -1
                  50                 196                   1                   0                   0                   0                  -1
                  51                  35                   4                   0                   0                   0                  -1
                  52                  68                   2                   0                   0                   0                  -1
                  53                  98                   3                   0                   0                   0                  -1
                  54                 118                   3                   0                   0                   0                  -1
                  55                  53                   2                   0                   0                   0                  -1
                  56                 102                   1                   0                   0                   0                  -1
                  57                  87                   2                   0                   0                   0                  -1
                  58                  66                   5                   0                   0                   0                  -1
                  59                  45                   5                   0                   0                   0                  -1
                  60                  41                   5                   0                   0                   0                  -1
                  61                  32                   3                   0                   0                   0                  -1
                  62                  98                   2                   0                   0                   0                  -1
                  63                  82                   1                   0                   0                   0                  -1
                  64                 110                   3                   0                   0                   0                  -1
                  65                 168                   2                   0                   0                   0                  -1
                  66                  98                   4                   0                   0                   0                  -1
                  67                 187                   1                   0                   0                   0                  -1
                  68                 107                   4                   0                   0                   0                  -1
                  69                  20                   5                   0                   0                   0                  -1
                  70                 129                   2                   0                   0                   0                  -1
                  71                 133                   5                   0                   0                   0                  -1
                  72                 104                   5                   0                   0                   0                  -1
                  73                  71                   4                   0                   0                   0                  -1
                  74                 109                   1                   0                   0                   0                  -1
                  75                 141                   5                   0                   0                   0                  -1
                  76                 197                   4                   0                   0                   0                  -1
                  77                  19                   1                   0                   0                   0                  -1
                  78                  47                   2                   0                   0                   0                  -1
                  79                 122                   1                   0                   0                   0                  -1
                  80                 180                   4                   0                   0                   0                  -1
                  81                 165                   4                   0                   0                   0                  -1
                  82                  42                   1                   0                   0                   0                  -1
                  83                 194                   1                   0                   0                   0                  -1
                  84                  35                   5                   0                   0                   0                  -1
                  85                 125                   5                   0                   0                   0                  -1
                  86                 188                   2                   0                   0                   0                  -1
                  87                 144                   2                   0                   0                   0                  -1
                  88                  28                   1                   0                   0                   0                  -1
                  89                  60                   2                   0                   0                   0                  -1
                  90                  33                   2                   0                   0                   0                  -1
                  91                  38                   4                   0                   0                   0                  -1
                  92                  76                   3                   0                   0                   0                  -1
                  93                  75                   2                   0                   0                   0                  -1
                  94                  59                   1                   0                   0                   0                  -1
                  95                  30                   3                   0                   0                   0                  -1
                  96                  36                   4                   0                   0                   0                  -1
                  97                  19                   4                   0                   0                   0                  -1
                  98                 144                   2                   0                   0                   0                  -1
                  99                 129                   5                   0                   0                   0                  -1
                 100                 177                   5                   0                   0                   0                  -1
                 101                  44                   4                   0                   0                   0                  -1
                 102                  14                   4                   0                   0                   0                  -1
                 103                   7                   1                   0                   0                   0                  -1
                 104                 105                   4                   0                   0                   0                  -1
                 105                 129                   4                   0                   0                   0                  -1
                 106                 170                   3                   0                   0                   0                  -1
                 107                 118                   2                   0                   0                   0                  -1
                 108                 125                   4                   0                   0                   0                  -1
                 109                  71                   4                   0                   0                   0                  -1
                 110                  91                   5                   0                   0                   0                  -1
                 111                 173                   1                   0                   0                   0                  -1
                 112                  45                   1                   0                   0                   0                  -1
                 113                 106                   5                   0                   0                   0                  -1
                 114                 155                   2                   0                   0                   0                  -1
                 115                  70                   3                   0                   0                   0                  -1
                 116                 143                   5                   0                   0                   0                  -1
                 117                 198                   3                   0                   0                   0                  -1
                 118                 156                   5                   0                   0                   0                  -1
                 119                 149                   2                   0                   0                   0                  -1
                 120                  23                   4                   0                   0                   0                  -1
                 121                 100                   4                   0                   0                   0                  -1
                 122                 147                   4                   0                   0                   0                  -1
                 123                 141                   3                   0                   0                   0                  -1
                 124                 112                   1                   0                   0                   0                  -1
                 125                   6                   2                   0                   0                   0                  -1
                 126                  62                   1                   0                   0                   0                  -1
                 127                  79                   1                   0                   0                   0                  -1
                 128                 121                   2                   0                   0                   0                  -1
                 129                  45                   2                   0                   0                   0                  -1
                 130                 123                   1                   0                   0                   0                  -1
                 131                 109                   2                   0                   0                   0                  -1
                 132                  83                   4                   0                   0                   0                  -1
                 133                 125                   3                   0                   0                   0                  -1
                 134                  63                   5                   0                   0                   0                  -1
                 135                   1                   2                   3                   2                   0                   0
                 136                  53                   5                   0                   0                   0                  -1
                 137                 180                   1                   0                   0                   0                  -1
                 138                  69                   2                   0                   0                   0                  -1
                 139                 174                   2                   0                   0                   0                  -1
                 140                  82                   1                   0                   0                   0                  -1
                 141                 134                   5                   0                   0                   0                  -1
                 142                  61                   4                   0                   0                   0                  -1
                 143                 200                   2                   0                   0                   0                  -1
                 144                 100                   2                   0                   0                   0                  -1
                 145                 160                   4                   0                   0                   0                  -1
                 146                  14                   4                   0                   0                   0                  -1
                 147                 191                   1                   0                   0                   0                  -1
                 148                 127                   2                   0                   0                   0                  -1
                 149                  85                   1                   0                   0                   0                  -1
                 150                  91                   5                   0                   0                   0                  -1
                 151                 177                   3                   0                   0                   0                  -1
                 152                 137                   3                   0                   0                   0                  -1
                 153                  46                   2                   0                   0                   0                  -1
                 154                 180                   4                   0                   0                   0                  -1
                 155                  88                   3                   0                   0                   0                  -1
                 156                 149                   3                   0                   0                   0                  -1
                 157                  60                   5                   0                   0                   0                  -1
                 158                 137                   1                   0                   0                   0                  -1
                 159                 143                   3                   0                   0                   0                  -1
                 160                   7                   2                   0                   0                   0                  -1
                 161                 114                   3                   0                   0                   0                  -1
                 162                 122                   1                   0                   0                   0                  -1
                 163                  20                   5                   0                   0                   0                  -1
                 164                 122                   5                   0                   0                   0                  -1
                 165                 140                   2                   0                   0                   0                  -1
                 166                 141                   3                   0                   0                   0                  -1
                 167                 106                   4                   0                   0                   0                  -1
                 168                 128                   1                   0                   0                   0                  -1
                 169                 185                   4                   0                   0                   0                  -1
                 170                 121                   5                   0                   0                   0                  -1
                 171                  23                   5                   0                   0                   0                  -1
                 172                 197                   2                   0                   0                   0                  -1
                 173                  31                   5                   0                   0                   0                  -1
                 174                  93                   3                   0                   0                   0                  -1
                 175                  73                   1                   0                   0                   0                  -1
                 176                  26                   1                   0                   0                   0                  -1
                 177                  23                   5                   0                   0                   0                  -1
                 178                  41                   3                   0                   0                   0                  -1
                 179                  99                   4                   0                   0                   0                  -1
                 180                  99                   1                   0                   0                   0                  -1
                 181                 125                   1                   0                   0                   0                  -1
                 182                  10                   2                   0                   0                   0                  -1
                 183                  20                   2                   0                   0                   0                  -1
                 184                 133                   1                   0                   0                   0                  -1
                 185                 195                   5                   0                   0                   0                  -1
                 186                 180                   5                   0                   0                   0                  -1
                 187                  74                   2                   0                   0                   0                  -1
                 188                  51                   1                   0                   0                   0                  -1
                 189                  61                   3                   0                   0                   0                  -1
                 190                 180                   5                   0                   0                   0                  -1
                 191                 194                   1                   0                   0                   0                  -1
                 192                  22                   3                   0                   0                   0                  -1
                 193                 105                   4                   0                   0                   0                  -1
                 194                 162                   5                   0                   0                   0                  -1
                 195                 127                   5                   0                   0                   0                  -1
                 196                 145                   3                   0                   0                   0                  -1
                 197                   3                   2                   5                   2                   0                   0
                 198                 185                   2                   0                   0                   0                  -1
                 199                  43                   4                   0                   0                   0                  -1
